He,1e-07,2,0.14664893617
He,1e-07,4,0.114787234043
He,1e-07,8,0.0827127659574
He,2.575e-06,2,0.684787234043
He,2.575e-06,4,0.639680851064
He,2.575e-06,8,0.612127659574
He,5.05e-06,2,0.717340425532
He,5.05e-06,4,0.706170212766
He,5.05e-06,8,0.674255319149
He,7.525e-06,2,0.741808510638
He,7.525e-06,4,0.723085106383
He,7.525e-06,8,0.706382978723
He,1e-05,2,0.765904255319
He,1e-05,4,0.743989361702
He,1e-05,8,0.732234042553
He,0.0002575,2,0.829308510638
He,0.0002575,4,0.827765957447
He,0.0002575,8,0.822127659574
He,0.000505,2,0.829308510638
He,0.000505,4,0.8225
He,0.000505,8,0.822978723404
He,0.0007525,2,0.82329787234
He,0.0007525,4,0.82664893617
He,0.0007525,8,0.823031914894
He,0.001,2,0.82420212766
He,0.001,4,0.82335106383
He,0.001,8,0.820691489362
