Xavier,1e-05,8,0.679946808511
Xavier,1e-05,16,0.652446808511
Xavier,1e-05,32,0.62414893617
Xavier,1e-05,64,0.586329787234
Xavier,0.11112,8,0.0212765957447
Xavier,0.11112,16,0.0212765957447
Xavier,0.11112,32,0.0212765957447
Xavier,0.11112,64,0.0212765957447
Xavier,0.22223,8,0.0212765957447
Xavier,0.22223,16,0.0212765957447
Xavier,0.22223,32,0.0212765957447
Xavier,0.22223,64,0.0212765957447
Xavier,0.33334,8,0.0212765957447
Xavier,0.33334,16,0.0212765957447
Xavier,0.33334,32,0.0212765957447
Xavier,0.33334,64,0.0212765957447
Xavier,0.44445,8,0.0212765957447
Xavier,0.44445,16,0.0212765957447
Xavier,0.44445,32,0.0212765957447
Xavier,0.44445,64,0.0212765957447
Xavier,0.55556,8,0.0212765957447
Xavier,0.55556,16,0.0212765957447
Xavier,0.55556,32,0.0212765957447
Xavier,0.55556,64,0.0212765957447
Xavier,0.66667,8,0.0212765957447
Xavier,0.66667,16,0.0212765957447
Xavier,0.66667,32,0.0212765957447
Xavier,0.66667,64,0.0212765957447
Xavier,0.77778,8,0.0212765957447
Xavier,0.77778,16,0.0212765957447
Xavier,0.77778,32,0.0212765957447
Xavier,0.77778,64,0.0212765957447
Xavier,0.88889,8,0.0212765957447
Xavier,0.88889,16,0.0212765957447
Xavier,0.88889,32,0.0212765957447
Xavier,0.88889,64,0.0212765957447
Xavier,1.0,8,0.0212765957447
Xavier,1.0,16,0.0212765957447
Xavier,1.0,32,0.0212765957447
Xavier,1.0,64,0.0212765957447
He,1e-05,8,0.726436170213
He,1e-05,16,0.70664893617
He,1e-05,32,0.671914893617
He,1e-05,64,0.647234042553
He,0.11112,8,0.0212765957447
He,0.11112,16,0.0212765957447
He,0.11112,32,0.0212765957447
He,0.11112,64,0.0212765957447
He,0.22223,8,0.0212765957447
He,0.22223,16,0.0212765957447
He,0.22223,32,0.0212765957447
He,0.22223,64,0.0212765957447
He,0.33334,8,0.0212765957447
He,0.33334,16,0.0212765957447
He,0.33334,32,0.0212765957447
He,0.33334,64,0.0212765957447
He,0.44445,8,0.0212765957447
He,0.44445,16,0.0212765957447
He,0.44445,32,0.0212765957447
He,0.44445,64,0.0212765957447
He,0.55556,8,0.0212765957447
He,0.55556,16,0.0212765957447
He,0.55556,32,0.0212765957447
He,0.55556,64,0.0212765957447
He,0.66667,8,0.0212765957447
He,0.66667,16,0.0212765957447
He,0.66667,32,0.0212765957447
He,0.66667,64,0.0212765957447
He,0.77778,8,0.0212765957447
He,0.77778,16,0.0212765957447
He,0.77778,32,0.0212765957447
He,0.77778,64,0.0212765957447
He,0.88889,8,0.0212765957447
He,0.88889,16,0.0212765957447
He,0.88889,32,0.0212765957447
He,0.88889,64,0.0212765957447
He,1.0,8,0.0212765957447
He,1.0,16,0.0212765957447
He,1.0,32,0.0212765957447
He,1.0,64,0.0212765957447
