xavier,1e-06,2,0.285714285714
xavier,1e-06,4,0.285714285714
xavier,1e-06,8,0.2
xavier,1.2e-05,2,0.428571428571
xavier,1.2e-05,4,0.428571428571
xavier,1.2e-05,8,0.4
xavier,2.3e-05,2,0.742857142857
xavier,2.3e-05,4,0.657142857143
xavier,2.3e-05,8,0.457142857143
xavier,3.4e-05,2,0.571428571429
xavier,3.4e-05,4,0.428571428571
xavier,3.4e-05,8,0.657142857143
xavier,4.5e-05,2,0.571428571429
xavier,4.5e-05,4,0.428571428571
xavier,4.5e-05,8,0.628571428571
xavier,5.6e-05,2,0.371428571429
xavier,5.6e-05,4,0.714285714286
xavier,5.6e-05,8,0.485714285714
xavier,6.7e-05,2,0.485714285714
xavier,6.7e-05,4,0.6
xavier,6.7e-05,8,0.685714285714
xavier,7.8e-05,2,0.685714285714
xavier,7.8e-05,4,0.742857142857
xavier,7.8e-05,8,0.8
xavier,8.9e-05,2,0.457142857143
xavier,8.9e-05,4,0.685714285714
xavier,8.9e-05,8,0.771428571429
xavier,0.0001,2,0.514285714286
xavier,0.0001,4,0.685714285714
xavier,0.0001,8,0.902857142857
he,1e-06,2,0.285714285714
he,1e-06,4,0.285714285714
he,1e-06,8,0.171428571429
he,1.2e-05,2,0.657142857143
he,1.2e-05,4,0.628571428571
he,1.2e-05,8,0.628571428571
he,2.3e-05,2,0.771428571429
he,2.3e-05,4,0.485714285714
he,2.3e-05,8,0.571428571429
he,3.4e-05,2,0.628571428571
he,3.4e-05,4,0.742857142857
he,3.4e-05,8,0.8
he,4.5e-05,2,0.8
he,4.5e-05,4,0.514285714286
he,4.5e-05,8,0.714285714286
he,5.6e-05,2,0.571428571429
he,5.6e-05,4,0.485714285714
he,5.6e-05,8,0.771428571429
he,6.7e-05,2,0.514285714286
he,6.7e-05,4,0.485714285714
he,6.7e-05,8,0.828571428571
he,7.8e-05,2,0.771428571429
he,7.8e-05,4,0.742857142857
he,7.8e-05,8,0.657142857143
he,8.9e-05,2,0.914285714286
he,8.9e-05,4,0.885714285714
he,8.9e-05,8,0.885714285714
he,0.0001,2,0.514285714286
he,0.0001,4,0.8
he,0.0001,8,0.714285714286
